"DESCRIPTION","DURATION IN MS","NAME","PARENT SUITE","START TIME","STATUS","STOP TIME","SUB SUITE","SUITE","TEST CLASS","TEST METHOD"
"","2005","should add a new todo item","Firefox","Sat Jul 26 16:16:41 UTC 2025","passed","Sat Jul 26 16:16:43 UTC 2025","","add-todo.spec.js","",""
"","4694","should add a new todo item","Safari","Sat Jul 26 16:16:45 UTC 2025","passed","Sat Jul 26 16:16:49 UTC 2025","","add-todo.spec.js","",""
"","2653","should add a new todo item","Google Chrome","Sat Jul 26 16:17:24 UTC 2025","passed","Sat Jul 26 16:17:27 UTC 2025","","add-todo.spec.js","",""
"","12260","should add a new todo item","Microsoft Edge","Sat Jul 26 16:16:53 UTC 2025","passed","Sat Jul 26 16:17:05 UTC 2025","","add-todo.spec.js","",""
